1 3.4788460e-02 7.7961381e-01
2 2.4483303e-01 6.2127680e-02
3 5.9589071e-01 2.9981330e-02
4 8.1106266e-01 1.7526130e-01
5 5.4388901e-01 4.5587950e-02
6 9.7153624e-01 9.6802442e-01
7 7.7678154e-01 4.7385651e-01
8 2.5301945e-01 4.7880686e-01
9 4.9186901e-01 2.1881060e-02
10 1.5892040e-01 1.1713490e-02
11 9.9937180e-01 3.8587772e-01
12 7.5335692e-01 6.2251228e-01
13 8.1300170e-02 9.6026443e-01
14 1.3356636e-01 1.9588639e-01
15 1.9162914e-01 7.9434002e-01
16 7.7417676e-01 5.0328824e-01
17 9.0935926e-01 2.8556756e-01
18 3.3791312e-01 3.2793351e-01
19 7.8495611e-01 5.7838180e-02
20 9.9207296e-01 7.9377597e-01
21 9.1074615e-01 9.9081819e-01
22 7.8533971e-01 3.5048188e-01
23 9.3562310e-02 8.9471373e-01
24 4.0378239e-01 3.1626736e-01
25 7.3091022e-01 2.9943930e-02
26 8.0877112e-01 8.0316311e-01
27 3.9499760e-02 5.3146444e-01
28 5.7016172e-01 5.2054656e-01
29 8.9651688e-01 7.3242451e-01
30 1.4601546e-01 6.8297004e-01
31 7.6660382e-01 3.5099622e-01
32 1.7515652e-01 7.5744648e-01
33 6.4693800e-01 9.7299696e-01
34 5.3607360e-02 9.8818690e-02
35 4.4310719e-01 2.1366951e-01
36 3.0295256e-01 2.0780370e-01
37 2.3469183e-01 6.5612748e-01
38 1.3586336e-01 2.2986380e-01
39 3.3369754e-01 1.1855350e-01
40 2.3492403e-01 4.3908070e-02
41 5.7121013e-01 3.9018861e-01
42 6.0000390e-02 7.1040000e-01
43 7.8016000e-02 1.7089447e-01
44 4.0179691e-01 2.4170340e-02
45 8.4835950e-01 9.9335343e-01
46 8.9898723e-01 8.0215750e-01
47 3.9322246e-01 2.3867646e-01
48 3.5579841e-01 9.7674902e-01
49 1.2935482e-01 9.8570997e-01
50 7.1344996e-01 6.3587530e-02
51 3.7292271e-01 6.7097291e-01
52 6.1627694e-01 7.5365660e-01
53 7.9424746e-01 8.9967861e-01
54 1.3366730e-01 6.0969252e-01
55 9.7278922e-01 3.4386300e-01
56 8.5141097e-01 8.9660395e-01
57 6.3695128e-01 3.9301587e-01
58 3.0489525e-01 1.3404300e-01
59 2.2698404e-01 5.2205449e-01
60 9.1857689e-01 7.0453173e-01
61 3.1339990e-01 1.2516198e-01
62 7.5483874e-01 6.7606633e-01
63 1.3801467e-01 8.5493280e-02
64 8.2715578e-01 7.8685678e-01
65 4.9900271e-01 7.0009790e-01
66 9.5663113e-01 5.7548054e-01
67 5.5116161e-01 2.1739485e-01
68 2.0515648e-01 8.2032028e-01
69 6.1825250e-01 8.7321058e-01
70 3.6884264e-01 2.8484471e-01
71 9.4196309e-01 6.0754857e-01
72 1.3873391e-01 4.2228880e-01
73 1.3697393e-01 3.4881679e-01
74 6.1043246e-01 8.9250046e-01
75 5.1974491e-01 1.9792500e-02
76 4.7989532e-01 7.7943103e-01
77 9.9744021e-01 1.4724113e-01
78 1.7703827e-01 1.2347264e-01
79 8.0022177e-01 6.5142176e-01
80 3.4912453e-01 8.9315114e-01
81 1.3408093e-01 1.7916236e-01
82 2.9761920e-02 5.7524120e-02
83 8.5029347e-01 3.4469274e-01
84 8.2200573e-01 3.8332327e-01
85 1.4849219e-01 8.7248992e-01
86 9.4689640e-01 8.7220693e-01
87 2.8513744e-01 5.0397655e-01
88 1.5498688e-01 6.1541049e-01
89 7.4284580e-01 3.3809098e-01
90 5.5673847e-01 7.7907560e-01
91 6.3453855e-01 5.1363352e-01
92 7.3506354e-01 9.4532542e-01
93 6.3687772e-01 9.9119212e-01
94 3.2077977e-01 6.4087667e-01
95 6.9292418e-01 4.7797412e-01
96 3.6667460e-01 9.7264362e-01
97 5.5094277e-01 8.5586734e-01
98 8.5734142e-01 3.0365372e-01
99 2.9735820e-01 7.0716737e-01
100 6.0758692e-01 2.9331557e-01